[[0.0, 0.161446955586523, 0.23785380710279722, 0.33067539500946813, 0.4183786279576009, 0.43834154279935694, 0.37468521108241637, 0.2697743957397368, 0.24519168647029843, 0.18034466717294745, 0.24857001787782187, 0.2469888272134501, 0.1792171989765842, 0.2434777178024219, 0.27130857480495046, 0.3787378499491896, 0.44506697011863083, 0.4257524425376238, 0.336309944180406, 0.24056749661166182, 0.16005881526947247, 0.3486923125979441, 0.489749411654693, 0.5188488343958528, 0.4202521720550046, 0.32132491323722595, 0.3238153688446713, 0.2731728373132778, 0.2697645595581817, 0.3228177069575976, 0.31948107233853534, 0.42381468683806117, 0.5262094340034258, 0.49792007851090037, 0.3534396079396953, 0.2708765254743151, 0.27706082593190706, 0.2822444034065963, 0.28147624174518787, 0.27533668771899394, 0.2704104291178039, 0.31184184087700845, 0.3187314864463667, 0.3255081794657281, 0.3250784920590732, 0.3159571313655948, 0.3102321924982288, 0.29440860335528773, 0.23197462064086077, 0.3171099536894789, 0.18021921617369208, 0.18690972696938948], [0.161446955586523, 0.0, 0.10148362943794517, 0.18250437233059627, 0.27931981656480503, 0.31995682302877243, 0.28180376755699166, 0.1838406680170389, 0.2243432355278943, 0.21425876254004536, 0.321751947262992, 0.34994917599833125, 0.3189690408626033, 0.3988033662945992, 0.43150278595556113, 0.5393613090712945, 0.6009702458586902, 0.5696425054258464, 0.471217136855707, 0.38800725682591647, 0.29259970136127905, 0.2000158426860306, 0.34671953181393733, 0.4035050065417087, 0.3491625901877614, 0.3079568880209194, 0.37185121230576174, 0.36436417795082376, 0.3448910103245672, 0.43381678142126096, 0.47014116258313265, 0.5847407628303689, 0.6832677599710382, 0.6347545897835903, 0.4672753887846464, 0.30288666598952974, 0.2485197815883305, 0.23405009114325576, 0.2785747231300108, 0.32800395730494397, 0.3388754570079179, 0.35130400003874895, 0.2615135831221153, 0.23504246944839333, 0.31035445173028214, 0.3871549783003962, 0.4047969131963871, 0.39219293190246546, 0.3137122602726907, 0.367685300919159, 0.21707529351203275, 0.30725973743334434], [0.23785380710279722, 0.10148362943794517, 0.0, 0.10848445107396057, 0.18673461737972843, 0.21847447257908176, 0.18864336981028526, 0.10948492757181434, 0.19565492940177762, 0.23155869571388105, 0.34501220563981194, 0.40208890925206653, 0.38881002562586914, 0.4684894364468819, 0.5064192715332163, 0.6117693217593674, 0.6744237391595022, 0.6444098855782943, 0.5477217066686706, 0.4667177523993354, 0.3749078946238503, 0.16519010630901693, 0.2622184144319585, 0.30202490851078106, 0.26390060191599407, 0.2681242120986719, 0.3818956919614271, 0.381348966148659, 0.4013895756093707, 0.48338171593483076, 0.5332570349597368, 0.6535732532321618, 0.7553216529121596, 0.7081949603320121, 0.5419164290591904, 0.3945698141579332, 0.3330429031387926, 0.3206868543752375, 0.3730699906336173, 0.42886252298436917, 0.4386583859743499, 0.43434593104298036, 0.32681269765807064, 0.30247898933166073, 0.3959228942295888, 0.48647095022013354, 0.5031380060900579, 0.4200523438591266, 0.3285123273228337, 0.35213623411668105, 0.23678200637198743, 0.33714462384761373], [0.33067539500946813, 0.18250437233059627, 0.10848445107396057, 0.0, 0.10648122416614052, 0.18750609271517446, 0.21460382419700388, 0.18693416321062556, 0.2924752189878948, 0.33927022122760375, 0.4524260977382964, 0.5097317326136123, 0.4921169940523192, 0.5691613119360361, 0.5970910205371462, 0.7021648047793012, 0.7563394220535599, 0.7151449773493048, 0.6143503928227537, 0.5445964806293828, 0.4485926239834529, 0.08365227252842307, 0.16448187756320756, 0.26310537907796777, 0.29849066830222254, 0.3540491158102506, 0.48519248649391233, 0.4864555580093583, 0.505138439111191, 0.5915163478300162, 0.6371548761667772, 0.7496848287046107, 0.8380488390700496, 0.7720420211913713, 0.5955788365747477, 0.46873927088335665, 0.39096804212816066, 0.35701268654144563, 0.4104701327737096, 0.4851366539418463, 0.5110423025490733, 0.5160128077757192, 0.3807883695820882, 0.3145449486833267, 0.41537021394146756, 0.5402211917670418, 0.5823206911538649, 0.47759098819370793, 0.3949897834331609, 0.407885356816676, 0.29437751930946476, 0.42659983720410516], [0.4183786279576009, 0.27931981656480503, 0.18673461737972843, 0.10648122416614052, 0.0, 0.10832443505344468, 0.18425791432604, 0.21433822467052416, 0.32674078367304266, 0.3962932507868335, 0.5047675977039459, 0.5786565191761488, 0.5725008887017256, 0.6487533298625969, 0.6808584965890424, 0.7833552183612753, 0.8386325689305747, 0.7997538052609713, 0.7016505080944476, 0.6328250579882827, 0.5406722379776955, 0.16616471392110183, 0.08379519592632333, 0.16735420462591608, 0.2609812817274467, 0.36759963865853934, 0.5266085376785122, 0.5325079099231342, 0.577474776129301, 0.6568340530993113, 0.7112777997851999, 0.8274294725873704, 0.9186495685222277, 0.8557520192882027, 0.6832439551368319, 0.5665836745264721, 0.488592507135966, 0.4605014606300649, 0.5167924603738681, 0.5910568048612997, 0.6136600984865067, 0.6074721163853561, 0.4687763793546306, 0.4137748760236669, 0.5194531030006603, 0.6454581335093384, 0.6831750577865403, 0.5336727349856385, 0.4462803244248468, 0.43327471565813286, 0.35974767197144625, 0.4852945963894998], [0.43834154279935694, 0.31995682302877243, 0.21847447257908176, 0.18750609271517446, 0.10832443505344468, 0.0, 0.10621427373642486, 0.18730790971838981, 0.28733383152379866, 0.3747918441358643, 0.47206164314095206, 0.5626257776656509, 0.5725202794499252, 0.647832830560294, 0.6910509019353857, 0.789610845143931, 0.8520963684546309, 0.8246231680238368, 0.7329204000513521, 0.657463676140458, 0.5731120729902108, 0.2637289929976928, 0.16620937849112163, 0.08355546087727506, 0.1651497951569144, 0.30467134321308365, 0.48245497154081896, 0.4929643644544651, 0.5678571318088139, 0.6341118764468129, 0.7006629230169337, 0.8249906408205527, 0.9290742408185884, 0.8848704244343742, 0.7245861187391289, 0.6030194055004595, 0.5356884976808732, 0.5256060038546246, 0.584380301309999, 0.6465907522516232, 0.655385156378018, 0.6321420264976078, 0.5097933698263644, 0.4893209246912889, 0.5969984811392142, 0.7022137752480623, 0.7179838834318496, 0.542628200270571, 0.4448449036382828, 0.41157701100265015, 0.38056957174216616, 0.47423761820165566], [0.37468521108241637, 0.28180376755699166, 0.18864336981028526, 0.21460382419700388, 0.18425791432604, 0.10621427373642486, 0.0, 0.10850616561686996, 0.18819897551979387, 0.28207374279356545, 0.37177333278349334, 0.46887356381579504, 0.4883602582871736, 0.5635028327740471, 0.6165700203799567, 0.7127634931102473, 0.7826748155568521, 0.7663414273312863, 0.6801084397858987, 0.5965686909836088, 0.5191950337645767, 0.29825104533664415, 0.2600783987506412, 0.16533710722358705, 0.08389710783989868, 0.19854649192798174, 0.3794470740835148, 0.391321424019834, 0.4791318668487719, 0.5363533479799024, 0.609855115405507, 0.7411191400138714, 0.8576600515471546, 0.8320045182934384, 0.6830625469870751, 0.5481631551870074, 0.49528214096382406, 0.5018452377542635, 0.5593935189606497, 0.6066066626600025, 0.6018229069609283, 0.5682732747955634, 0.470711781672699, 0.48138239412179107, 0.5842041559571227, 0.6630637462670643, 0.6568274859270247, 0.4946625241295076, 0.38880937379336095, 0.3579931432660419, 0.33928175308662006, 0.3976882301069563], [0.2697743957397368, 0.1838406680170389, 0.10948492757181434, 0.18693416321062556, 0.21433822467052416, 0.18730790971838981, 0.10850616561686996, 0.0, 0.11263194505618111, 0.1887242248662674, 0.292203227525885, 0.3763738567105592, 0.3871024789687408, 0.4658660380873417, 0.5191821674893271, 0.619043387643169, 0.6906852949097325, 0.6748521693078837, 0.5870489267200196, 0.49905818166259247, 0.41969064413184654, 0.2622605048532585, 0.2981327061373669, 0.26319120230079496, 0.16573006220913342, 0.16731745886678648, 0.3151435976996907, 0.32133766195899566, 0.3850509517377641, 0.44990569677202913, 0.5175899648232382, 0.6496021252612901, 0.7675980227214041, 0.7431325081436206, 0.5932110861524688, 0.4438484508016539, 0.39746305983575847, 0.4077222491728509, 0.4615858905577977, 0.5019853168121089, 0.49429849580008944, 0.46652344547599806, 0.3815300251231913, 0.398760223279616, 0.49303044074787733, 0.5591747145228769, 0.5484393574927328, 0.431115649989758, 0.32579015683546203, 0.32425192937388053, 0.2665346594891693, 0.31966575929465685], [0.24519168647029843, 0.2243432355278943, 0.19565492940177762, 0.2924752189878948, 0.32674078367304266, 0.28733383152379866, 0.18819897551979387, 0.11263194505618111, 0.0, 0.09909569665199235, 0.18473126158160058, 0.2818533079365898, 0.31217496407409007, 0.3899425649103941, 0.4598749331586726, 0.5540473580143593, 0.6361223488070739, 0.637084240690773, 0.5597785112721477, 0.46274669692495096, 0.3985924237286877, 0.3602051128851389, 0.4105178817938718, 0.35352481452437223, 0.20071912700441963, 0.08463316264106113, 0.20543139844481195, 0.2153408504321162, 0.3001159507055647, 0.3482519441250539, 0.429601886850276, 0.5728859402242071, 0.7089218866846754, 0.7114477751467447, 0.5817093826073829, 0.41701799526264605, 0.3961381719888951, 0.4295985386083244, 0.4782985788478605, 0.49558789021327826, 0.4675599712240503, 0.42356094759906177, 0.38292422726304665, 0.4409549022282727, 0.5233409668177209, 0.5514956129373204, 0.5078471123989903, 0.42013370213393664, 0.31331733761275277, 0.3181133159401155, 0.28523133901986136, 0.26948895259190125], [0.18034466717294745, 0.21425876254004536, 0.23155869571388105, 0.33927022122760375, 0.3962932507868335, 0.3747918441358643, 0.28207374279356545, 0.1887242248662674, 0.09909569665199235, 0.0, 0.11355004132636384, 0.18861632770280393, 0.2149888305946733, 0.29785349186262833, 0.3749130942692149, 0.47025420095986226, 0.5570006928960575, 0.5639903567162173, 0.49014185340775224, 0.3872183661165632, 0.329864919607448, 0.3917686423495843, 0.4790381121374643, 0.44630456557540715, 0.2997494444015681, 0.15825222241101478, 0.1643698143958121, 0.16244328060057317, 0.21113606328750134, 0.26175189173108393, 0.33966282781542756, 0.4874453313632456, 0.6298729645122245, 0.64182394674763, 0.5203151964989858, 0.3403317040064786, 0.34034148295388467, 0.38439326800196466, 0.42361878493710425, 0.4234665937422011, 0.3845832896621318, 0.3429053095879105, 0.3398332679930692, 0.41366034687182374, 0.4776698316653777, 0.4776783863731864, 0.4169127644596307, 0.3944058128335963, 0.2986247420642785, 0.3330667908084208, 0.27635878296532157, 0.22671608599075196], [0.24857001787782187, 0.321751947262992, 0.34501220563981194, 0.4524260977382964, 0.5047675977039459, 0.47206164314095206, 0.37177333278349334, 0.292203227525885, 0.18473126158160058, 0.11355004132636384, 0.0, 0.11844107541247488, 0.189942478326986, 0.2580068963464308, 0.3559453951526668, 0.4354949626913892, 0.5328290838302345, 0.5615464092251351, 0.505206523348468, 0.39995671861467297, 0.36876718257583396, 0.5049732769633573, 0.5882053143087741, 0.5368287139162125, 0.36896736066688907, 0.19878152758141618, 0.08441818111554032, 0.08446746166630403, 0.16649479476074752, 0.16687255692087993, 0.272569371666764, 0.43355357173612685, 0.5971299557805264, 0.6431567452697319, 0.5513798566748165, 0.37206495842651055, 0.39981987353247883, 0.4603144121171126, 0.4922653187717782, 0.46981862941973074, 0.41140512439449944, 0.3528798592513123, 0.40069160732916936, 0.50182680987262, 0.5537868444612776, 0.5181395955871174, 0.4225183107358852, 0.43233120897493793, 0.3472023920778391, 0.3795142002416776, 0.35634380904143, 0.247746243178887], [0.2469888272134501, 0.34994917599833125, 0.40208890925206653, 0.5097317326136123, 0.5786565191761488, 0.5626257776656509, 0.46887356381579504, 0.3763738567105592, 0.2818533079365898, 0.18861632770280393, 0.11844107541247488, 0.0, 0.11380010591017202, 0.18389641575681273, 0.29299511743289663, 0.369399547254002, 0.4711422755379834, 0.507201687737262, 0.4575152444384553, 0.3508794748878974, 0.3330746057926418, 0.5474384238902587, 0.6597774683171463, 0.6335997592850126, 0.47729032611551286, 0.31212628079819466, 0.16770604553831903, 0.16590407882549438, 0.08435540764722009, 0.08454323959705864, 0.19624232176633954, 0.3635439164046931, 0.5340483050130929, 0.5907768183205406, 0.511417532605768, 0.30113094624207837, 0.3575185177972733, 0.4277960286972472, 0.4484130614176494, 0.40472279303027975, 0.33013962816700615, 0.27158101273103713, 0.37204925951408335, 0.4853793844198549, 0.517932179660464, 0.4494971264693981, 0.32521576118820084, 0.45466511044113117, 0.39004700062324815, 0.4479631038516376, 0.3950084205779144, 0.2817976253559446], [0.1792171989765842, 0.3189690408626033, 0.38881002562586914, 0.4921169940523192, 0.5725008887017256, 0.5725202794499252, 0.4883602582871736, 0.3871024789687408, 0.31217496407409007, 0.2149888305946733, 0.189942478326986, 0.11380010591017202, 0.0, 0.09907948425518731, 0.19099392996286568, 0.2823426842022888, 0.3767469349599779, 0.40076373350915095, 0.34538190477461606, 0.2382641143211948, 0.22486997064631684, 0.5174590415216711, 0.6497406171249914, 0.6486702117552143, 0.5105405282854729, 0.36152533160094996, 0.2632627154904898, 0.2119724701566614, 0.1617292104847933, 0.16473757439518733, 0.1575738984098726, 0.29775140695799124, 0.44708763460035267, 0.4836738633781408, 0.398509288091134, 0.26879306972883715, 0.3318802545077551, 0.3803838957668461, 0.37619024665612094, 0.32177403121090165, 0.26309311552476095, 0.2669004913962745, 0.3705517788617048, 0.44488026069417863, 0.4390182864416831, 0.35398949097059246, 0.25571860036371397, 0.37393801846420005, 0.328020978796358, 0.4077227003864705, 0.3313935994778789, 0.22670314171269085], [0.2434777178024219, 0.3988033662945992, 0.4684894364468819, 0.5691613119360361, 0.6487533298625969, 0.647832830560294, 0.5635028327740471, 0.4658660380873417, 0.3899425649103941, 0.29785349186262833, 0.2580068963464308, 0.18389641575681273, 0.09907948425518731, 0.0, 0.11319947180146153, 0.18752344948941302, 0.2874062177337214, 0.327848124799575, 0.2941040724024998, 0.19801314076196946, 0.22859765927121123, 0.5919270134919695, 0.7248204258493885, 0.7222359904039584, 0.581762782643988, 0.4322772598822037, 0.33058193902402455, 0.25126015152678893, 0.2431431423102663, 0.19449078164549316, 0.08466041873009827, 0.19915653160819963, 0.35293006873368155, 0.4115907512409335, 0.36176742524322303, 0.3395780457680148, 0.4130653891880396, 0.4520359511751726, 0.42786191950262603, 0.35729201296687807, 0.30679226074212285, 0.33901622863946096, 0.46031921107206475, 0.5205552319978968, 0.4833487266759701, 0.36772950592679343, 0.2771716461455921, 0.35706731202892406, 0.3367035408797645, 0.4202752245773394, 0.3652709267769192, 0.2357885415356573], [0.27130857480495046, 0.43150278595556113, 0.5064192715332163, 0.5970910205371462, 0.6808584965890424, 0.6910509019353857, 0.6165700203799567, 0.5191821674893271, 0.4598749331586726, 0.3749130942692149, 0.3559453951526668, 0.29299511743289663, 0.19099392996286568, 0.11319947180146153, 0.0, 0.10857991075875824, 0.18791686652413706, 0.2150109261906622, 0.18707637327881257, 0.10978186275354695, 0.18453287558678966, 0.6091641446235613, 0.7510784746628844, 0.7663258420082737, 0.6424990254644383, 0.5093562086118634, 0.43409971126707647, 0.33997430768636655, 0.34657600262143184, 0.3072973398677878, 0.1666554859418949, 0.16581327360672268, 0.26364545906573433, 0.2987770918846105, 0.2620526914014815, 0.38340066141655876, 0.453583550911138, 0.46926761300392317, 0.42004112630855767, 0.34297480785534007, 0.3212445826912226, 0.40186010842923936, 0.514332133173814, 0.538057579743765, 0.4605231875991131, 0.3281614066923866, 0.2885507210700041, 0.3100687969757744, 0.32494295768036147, 0.4206499756132989, 0.35854801839049255, 0.25228480421705507], [0.3787378499491896, 0.5393613090712945, 0.6117693217593674, 0.7021648047793012, 0.7833552183612753, 0.789610845143931, 0.7127634931102473, 0.619043387643169, 0.5540473580143593, 0.47025420095986226, 0.4354949626913892, 0.369399547254002, 0.2823426842022888, 0.18752344948941302, 0.10857991075875824, 0.0, 0.1063152101792272, 0.18410816456967005, 0.2139585554852749, 0.18844142247505324, 0.2819545551042592, 0.7146608584177438, 0.8534497548013543, 0.8625043144936878, 0.7328405518465214, 0.5954536521438578, 0.5083190098966583, 0.40805308346314223, 0.4267910075115935, 0.36171711827477976, 0.19555784949089652, 0.08389796963268226, 0.16541353725120062, 0.2600820604993123, 0.297611010590685, 0.47569362593319653, 0.5538221150378033, 0.5707464131712514, 0.5147784239381137, 0.42951132117945, 0.4067516002302643, 0.4870108650548585, 0.6154534962037485, 0.6417238106825809, 0.5515465504445881, 0.40149256442817705, 0.3587339240398932, 0.36473114777284676, 0.39888104368496113, 0.486290406418219, 0.4499732262673939, 0.3309679203571876], [0.44506697011863083, 0.6009702458586902, 0.6744237391595022, 0.7563394220535599, 0.8386325689305747, 0.8520963684546309, 0.7826748155568521, 0.6906852949097325, 0.6361223488070739, 0.5570006928960575, 0.5328290838302345, 0.4711422755379834, 0.3767469349599779, 0.2874062177337214, 0.18791686652413706, 0.1063152101792272, 0.0, 0.10819633232191714, 0.1871921588665467, 0.21866203387476874, 0.32001155543797505, 0.761337599443352, 0.9035036093063584, 0.9245053423520861, 0.8071820729279213, 0.6810590036585747, 0.6085178738820078, 0.5025345794082356, 0.526259979570905, 0.4675981336984698, 0.30182691077625307, 0.1648167119613194, 0.0835402481402833, 0.16627270024981056, 0.26365231731233724, 0.545200680931549, 0.6191857353514426, 0.6213028317330004, 0.5507345766919032, 0.4659503404571283, 0.4629865783808369, 0.5664044991882529, 0.687429400307991, 0.6902837457086418, 0.5742844433612818, 0.4203938030892681, 0.416159506389604, 0.3787255513511194, 0.4385897792055007, 0.526954948028738, 0.490688758406174, 0.394704638996017], [0.4257524425376238, 0.5696425054258464, 0.6444098855782943, 0.7151449773493048, 0.7997538052609713, 0.8246231680238368, 0.7663414273312863, 0.6748521693078837, 0.637084240690773, 0.5639903567162173, 0.5615464092251351, 0.507201687737262, 0.40076373350915095, 0.327848124799575, 0.2150109261906622, 0.18410816456967005, 0.10819633232191714, 0.0, 0.10648262033555214, 0.18701828526239225, 0.27902954724471973, 0.7108551310608298, 0.8579846191805225, 0.8977719338691182, 0.8001610126889175, 0.6909576851372279, 0.6425411394115711, 0.5364387253569355, 0.5569256892844843, 0.5205848619247596, 0.36592913764841756, 0.26058825242901107, 0.16733152145321242, 0.08376883908587035, 0.16645632989422018, 0.5366920080213411, 0.5980371635309017, 0.5817687747430409, 0.5004719389151353, 0.42528130782071677, 0.4470378161533324, 0.5731940851103713, 0.6714793834088629, 0.6450948248120891, 0.5099289094004773, 0.3694638305169223, 0.41414905837589366, 0.33813502500207093, 0.4121068866604951, 0.5069917718996144, 0.44998383419680127, 0.3934124983460604], [0.336309944180406, 0.471217136855707, 0.5477217066686706, 0.6143503928227537, 0.7016505080944476, 0.7329204000513521, 0.6801084397858987, 0.5870489267200196, 0.5597785112721477, 0.49014185340775224, 0.505206523348468, 0.4575152444384553, 0.34538190477461606, 0.2941040724024998, 0.18707637327881257, 0.2139585554852749, 0.1871921588665467, 0.10648262033555214, 0.0, 0.10836549228776265, 0.1817744946767386, 0.6065608621073854, 0.7580433057769904, 0.8078667127192759, 0.7206901239383711, 0.6209374764724225, 0.5885198248047308, 0.48919799235419026, 0.501223946698769, 0.4871492850401793, 0.35345475517248415, 0.29785041010800806, 0.26291551323795903, 0.16444351657145378, 0.08368069357291046, 0.4597019457224411, 0.5093705941514863, 0.48493866417205456, 0.4042391055838958, 0.3395600587515243, 0.3733854455951847, 0.5058265407345486, 0.5831065463644324, 0.5442947297531628, 0.4110759977178156, 0.28930286701520197, 0.35742070298788253, 0.2780698977009799, 0.34200874664210185, 0.4453119066717948, 0.35989646064376435, 0.33168349280683845], [0.24056749661166182, 0.38800725682591647, 0.4667177523993354, 0.5445964806293828, 0.6328250579882827, 0.657463676140458, 0.5965686909836088, 0.49905818166259247, 0.46274669692495096, 0.3872183661165632, 0.39995671861467297, 0.3508794748878974, 0.2382641143211948, 0.19801314076196946, 0.10978186275354695, 0.18844142247505324, 0.21866203387476874, 0.18701828526239225, 0.10836549228776265, 0.0, 0.10136476373915922, 0.5452590931330806, 0.6959354662355905, 0.7343294934441287, 0.6345841363408646, 0.5240066515310642, 0.4828278836830461, 0.39048895154018043, 0.3943591144893985, 0.38598063155915735, 0.26890177494645, 0.263875703164271, 0.30219893194308445, 0.2623412636302577, 0.16446229032162238, 0.37365550974194767, 0.42622657484318943, 0.4170267936664143, 0.3529911826286919, 0.28730736531434936, 0.3004244748513179, 0.413981964451615, 0.4947058919261025, 0.4798950784984964, 0.37813765186491155, 0.26157434991694173, 0.28859265703405285, 0.25917274439191035, 0.2889093796361451, 0.39574387655912757, 0.301145914001748, 0.2519805832807064], [0.16005881526947247, 0.29259970136127905, 0.3749078946238503, 0.4485926239834529, 0.5406722379776955, 0.5731120729902108, 0.5191950337645767, 0.41969064413184654, 0.3985924237286877, 0.329864919607448, 0.36876718257583396, 0.3330746057926418, 0.22486997064631684, 0.22859765927121123, 0.18453287558678966, 0.2819545551042592, 0.32001155543797505, 0.27902954724471973, 0.1817744946767386, 0.10136476373915922, 0.0, 0.4457040925506998, 0.6020492253644116, 0.6521611619283357, 0.5657977121597095, 0.4690702536318493, 0.4508744827875976, 0.37334958999435247, 0.3648187383131286, 0.38797774656963113, 0.31139871668506136, 0.34977811110520607, 0.40354295216875546, 0.34602780362867197, 0.1979879392252896, 0.3163861459952979, 0.348651848549374, 0.3295065682543944, 0.2729265178379359, 0.23031635475611154, 0.2569367463481695, 0.3687620568675478, 0.41559841953674226, 0.3860558933411472, 0.29797942519394466, 0.2255844175172026, 0.27390059445489984, 0.25208197848575964, 0.25496099678625467, 0.36384180620699763, 0.23057436175022308, 0.23062465734289536], [0.3486923125979441, 0.2000158426860306, 0.16519010630901693, 0.08365227252842307, 0.16616471392110183, 0.2637289929976928, 0.29825104533664415, 0.2622605048532585, 0.3602051128851389, 0.3917686423495843, 0.5049732769633573, 0.5474384238902587, 0.5174590415216711, 0.5919270134919695, 0.6091641446235613, 0.7146608584177438, 0.761337599443352, 0.7108551310608298, 0.6065608621073854, 0.5452590931330806, 0.4457040925506998, 0.0, 0.19086747446281385, 0.33278731766930003, 0.38213388731641434, 0.4284183800244092, 0.5436517617526272, 0.5417205304136347, 0.5380923304608687, 0.6311190512546496, 0.6656496974063629, 0.7684467658920822, 0.8441403530338837, 0.7628084144323792, 0.5786456460870741, 0.4612093332969309, 0.3761544895630436, 0.32191829723776616, 0.36965286446920137, 0.4559941059390727, 0.4960455791371623, 0.5183338374908472, 0.37414348123585134, 0.2683021795047935, 0.3622131466491597, 0.5082599711853736, 0.5720465761792447, 0.4955340961421707, 0.4266594178827104, 0.4532822667446919, 0.3160450583480745, 0.4641003431882881], [0.489749411654693, 0.34671953181393733, 0.2622184144319585, 0.16448187756320756, 0.08379519592632333, 0.16620937849112163, 0.2600783987506412, 0.2981327061373669, 0.4105178817938718, 0.4790381121374643, 0.5882053143087741, 0.6597774683171463, 0.6497406171249914, 0.7248204258493885, 0.7510784746628844, 0.8534497548013543, 0.9035036093063584, 0.8579846191805225, 0.7580433057769904, 0.6959354662355905, 0.6020492253644116, 0.19086747446281385, 0.0, 0.19215863634574754, 0.33022697227209685, 0.4494854098502843, 0.6098659502165359, 0.6156140250717052, 0.6564043314136799, 0.7388522530336291, 0.7897910440922323, 0.9011081967716298, 0.9838766780263555, 0.9094870699003106, 0.73232815675284, 0.6280279314453759, 0.5433574746992637, 0.504843434749861, 0.5594603743725629, 0.6420177276203177, 0.6731370756122259, 0.6731759703951666, 0.5232282828789293, 0.4482095471699137, 0.5523145654050116, 0.6942342085334975, 0.7459313585499229, 0.5900292895133191, 0.5101651808858307, 0.4947429746730897, 0.42072291282663155, 0.558940366026079], [0.5188488343958528, 0.4035050065417087, 0.30202490851078106, 0.26310537907796777, 0.16735420462591608, 0.08355546087727506, 0.16533710722358705, 0.26319120230079496, 0.35352481452437223, 0.44630456557540715, 0.5368287139162125, 0.6335997592850126, 0.6486702117552143, 0.7222359904039584, 0.7663258420082737, 0.8625043144936878, 0.9245053423520861, 0.8977719338691182, 0.8078667127192759, 0.7343294934441287, 0.6521611619283357, 0.33278731766930003, 0.19215863634574754, 0.0, 0.1910804710243591, 0.35553852905502076, 0.5401927235292158, 0.553075760209791, 0.6402643472541821, 0.7016240625636673, 0.7716246829406249, 0.8959856835432438, 1.0, 0.9566717433071757, 0.7988373935648413, 0.684616272831621, 0.6162636798861924, 0.6065171567616134, 0.6663237870097576, 0.7299248863578894, 0.7386358284465149, 0.7113266853505705, 0.5865617931678911, 0.5667921225700958, 0.6765404155821492, 0.7849914525509315, 0.800778777551434, 0.6035666726253054, 0.5071410743814287, 0.4600482623606951, 0.45132136816556506, 0.5408873562112325], [0.4202521720550046, 0.3491625901877614, 0.26390060191599407, 0.29849066830222254, 0.2609812817274467, 0.1651497951569144, 0.08389710783989868, 0.16573006220913342, 0.20071912700441963, 0.2997494444015681, 0.36896736066688907, 0.47729032611551286, 0.5105405282854729, 0.581762782643988, 0.6424990254644383, 0.7328405518465214, 0.8071820729279213, 0.8001610126889175, 0.7206901239383711, 0.6345841363408646, 0.5657977121597095, 0.38213388731641434, 0.33022697227209685, 0.1910804710243591, 0.0, 0.1741578563694201, 0.36353399248784435, 0.38000254969075153, 0.4930865345356792, 0.5354858403721097, 0.6179521166745598, 0.7531724229411764, 0.8783568869437387, 0.8678319795995099, 0.7307808581965922, 0.5963925629305766, 0.5526056034773649, 0.5697194061127091, 0.6271891633828006, 0.6659541993005003, 0.6520649010392581, 0.6071013263330012, 0.5249085511795601, 0.5549604959193458, 0.6568026324867114, 0.7218199562857981, 0.7005586982867467, 0.524838319825898, 0.416728671028123, 0.3712678264263415, 0.3882560575618636, 0.41586731770411717], [0.32132491323722595, 0.3079568880209194, 0.2681242120986719, 0.3540491158102506, 0.36759963865853934, 0.30467134321308365, 0.19854649192798174, 0.16731745886678648, 0.08463316264106113, 0.15825222241101478, 0.19878152758141618, 0.31212628079819466, 0.36152533160094996, 0.4322772598822037, 0.5093562086118634, 0.5954536521438578, 0.6810590036585747, 0.6909576851372279, 0.6209374764724225, 0.5240066515310642, 0.4690702536318493, 0.4284183800244092, 0.4494854098502843, 0.35553852905502076, 0.1741578563694201, 0.0, 0.19198725588095839, 0.21506050580100047, 0.3355629569300089, 0.36383731018277715, 0.4582610266187952, 0.6049872320228825, 0.7491560370218882, 0.7660779097043305, 0.6480007360293808, 0.4866918986428425, 0.470680484942809, 0.5109033554958207, 0.5615447051336948, 0.5748630059492144, 0.5401557887469428, 0.48318086718538933, 0.45084974334995953, 0.5214620706074149, 0.6078259524959179, 0.6298561213853453, 0.5743991216243255, 0.46584749002848586, 0.3578908646357775, 0.3415220622310131, 0.34939690238114135, 0.31050458497842615], [0.3238153688446713, 0.37185121230576174, 0.3818956919614271, 0.48519248649391233, 0.5266085376785122, 0.48245497154081896, 0.3794470740835148, 0.3151435976996907, 0.20543139844481195, 0.1643698143958121, 0.08441818111554032, 0.16770604553831903, 0.2632627154904898, 0.33058193902402455, 0.43409971126707647, 0.5083190098966583, 0.6085178738820078, 0.6425411394115711, 0.5885198248047308, 0.4828278836830461, 0.4508744827875976, 0.5436517617526272, 0.6098659502165359, 0.5401927235292158, 0.36353399248784435, 0.19198725588095839, 0.0, 0.13690525223911282, 0.19061304092862724, 0.1945943704502395, 0.33234564057057736, 0.49778024109310626, 0.669363794143166, 0.7246528856520004, 0.6353425986575753, 0.4148855405341964, 0.4376982969101054, 0.5081706706274817, 0.5524009535452857, 0.5343151587061772, 0.4685130265870524, 0.38333386641716344, 0.42359619928534525, 0.5446292249996287, 0.6171021751671992, 0.5882423004892878, 0.4799015337323076, 0.5105040901982271, 0.4207011517874367, 0.4395732490543927, 0.4276725999708585, 0.32587412559733747], [0.2731728373132778, 0.36436417795082376, 0.381348966148659, 0.4864555580093583, 0.5325079099231342, 0.4929643644544651, 0.391321424019834, 0.32133766195899566, 0.2153408504321162, 0.16244328060057317, 0.08446746166630403, 0.16590407882549438, 0.2119724701566614, 0.25126015152678893, 0.33997430768636655, 0.40805308346314223, 0.5025345794082356, 0.5364387253569355, 0.48919799235419026, 0.39048895154018043, 0.37334958999435247, 0.5417205304136347, 0.6156140250717052, 0.553075760209791, 0.38000254969075153, 0.21506050580100047, 0.13690525223911282, 0.0, 0.23537329456263648, 0.18879490897063728, 0.25548158708529045, 0.40249517209547664, 0.5621062600728047, 0.6161598327224834, 0.5392968043183094, 0.4360125391963245, 0.46775300787248236, 0.5184220999559279, 0.5384263056785791, 0.5108940904704078, 0.46005843536790314, 0.42200562904775935, 0.4760226942713872, 0.5603677028678863, 0.5936722068626787, 0.5489449298461234, 0.46420018213050257, 0.3926814621937553, 0.312142067627956, 0.3341422818362441, 0.34810042327007323, 0.2091320022329661], [0.2697645595581817, 0.3448910103245672, 0.4013895756093707, 0.505138439111191, 0.577474776129301, 0.5678571318088139, 0.4791318668487719, 0.3850509517377641, 0.3001159507055647, 0.21113606328750134, 0.16649479476074752, 0.08435540764722009, 0.1617292104847933, 0.2431431423102663, 0.34657600262143184, 0.4267910075115935, 0.526259979570905, 0.5569256892844843, 0.501223946698769, 0.3943591144893985, 0.3648187383131286, 0.5380923304608687, 0.6564043314136799, 0.6402643472541821, 0.4930865345356792, 0.3355629569300089, 0.19061304092862724, 0.23537329456263648, 0.0, 0.13702552137374222, 0.26099623881810313, 0.4234686977446593, 0.5906963651254159, 0.6397037647080991, 0.5495957071578166, 0.2503012758846431, 0.30590622778059406, 0.3905836536239709, 0.424951499761043, 0.3867170322123129, 0.3015134641717682, 0.20615231629100925, 0.31073369202356643, 0.44793254124486026, 0.5009113483992124, 0.4424045621234456, 0.30381805911862597, 0.5154346426120052, 0.44802119181406813, 0.5082916672809628, 0.4338748866627251, 0.3476152137414377], [0.3228177069575976, 0.43381678142126096, 0.48338171593483076, 0.5915163478300162, 0.6568340530993113, 0.6341118764468129, 0.5363533479799024, 0.44990569677202913, 0.3482519441250539, 0.26175189173108393, 0.16687255692087993, 0.08454323959705864, 0.16473757439518733, 0.19449078164549316, 0.3072973398677878, 0.36171711827477976, 0.4675981336984698, 0.5205848619247596, 0.4871492850401793, 0.38598063155915735, 0.38797774656963113, 0.6311190512546496, 0.7388522530336291, 0.7016240625636673, 0.5354858403721097, 0.36383731018277715, 0.1945943704502395, 0.18879490897063728, 0.13702552137374222, 0.0, 0.16894221571262516, 0.33679833418536315, 0.520352641914402, 0.6040575124705304, 0.5502629685678767, 0.36229856334072463, 0.429993289201343, 0.5040442680615456, 0.519283387489443, 0.464597330860727, 0.3835354581009328, 0.32163899321959477, 0.4443664693388471, 0.5651589647299079, 0.5896611180132407, 0.5020645487717768, 0.3620261373903318, 0.4973933290996287, 0.4409359716940936, 0.49429755884897464, 0.46208892224349607, 0.32665819430595466], [0.31948107233853534, 0.47014116258313265, 0.5332570349597368, 0.6371548761667772, 0.7112777997851999, 0.7006629230169337, 0.609855115405507, 0.5175899648232382, 0.429601886850276, 0.33966282781542756, 0.272569371666764, 0.19624232176633954, 0.1575738984098726, 0.08466041873009827, 0.1666554859418949, 0.19555784949089652, 0.30182691077625307, 0.36592913764841756, 0.35345475517248415, 0.26890177494645, 0.31139871668506136, 0.6656496974063629, 0.7897910440922323, 0.7716246829406249, 0.6179521166745598, 0.4582610266187952, 0.33234564057057736, 0.25548158708529045, 0.26099623881810313, 0.16894221571262516, 0.0, 0.17000057425872292, 0.3516916596053488, 0.4476326431790748, 0.4279601351509715, 0.39824287826431853, 0.4779143511903227, 0.526798877466439, 0.5071150232329171, 0.43268782506265874, 0.37194811876228384, 0.3824758750477404, 0.5186249879216329, 0.5960898527460265, 0.5653826251389091, 0.4420194831784742, 0.33138781505256293, 0.4123109120544596, 0.39249837458999803, 0.4640935110611996, 0.4349911606103472, 0.28503234154577217], [0.42381468683806117, 0.5847407628303689, 0.6535732532321618, 0.7496848287046107, 0.8274294725873704, 0.8249906408205527, 0.7411191400138714, 0.6496021252612901, 0.5728859402242071, 0.4874453313632456, 0.43355357173612685, 0.3635439164046931, 0.29775140695799124, 0.19915653160819963, 0.16581327360672268, 0.08389796963268226, 0.1648167119613194, 0.26058825242901107, 0.29785041010800806, 0.263875703164271, 0.34977811110520607, 0.7684467658920822, 0.9011081967716298, 0.8959856835432438, 0.7531724229411764, 0.6049872320228825, 0.49778024109310626, 0.40249517209547664, 0.4234686977446593, 0.33679833418536315, 0.17000057425872292, 0.0, 0.19051385412087132, 0.32995082241694623, 0.3814922130562697, 0.5066150640598585, 0.5912559902473713, 0.6210019736837323, 0.5739467795256312, 0.4861744373675213, 0.4476340973296581, 0.5043189380510047, 0.6466460885283821, 0.6937953965833762, 0.6179295204035137, 0.4653055866434035, 0.39232601574896364, 0.42340273942386125, 0.4470066563388856, 0.5248035041419856, 0.5051936370875078, 0.36550364096948745], [0.5262094340034258, 0.6832677599710382, 0.7553216529121596, 0.8380488390700496, 0.9186495685222277, 0.9290742408185884, 0.8576600515471546, 0.7675980227214041, 0.7089218866846754, 0.6298729645122245, 0.5971299557805264, 0.5340483050130929, 0.44708763460035267, 0.35293006873368155, 0.26364545906573433, 0.16541353725120062, 0.0835402481402833, 0.16733152145321242, 0.26291551323795903, 0.30219893194308445, 0.40354295216875546, 0.8441403530338837, 0.9838766780263555, 1.0, 0.8783568869437387, 0.7491560370218882, 0.669363794143166, 0.5621062600728047, 0.5906963651254159, 0.520352641914402, 0.3516916596053488, 0.19051385412087132, 0.0, 0.19247991013856577, 0.3329677762923583, 0.6190108147898781, 0.6972157425944707, 0.7018598474095573, 0.6301591759451165, 0.5423062945970101, 0.5361366138891753, 0.6353686693656458, 0.7650346416118651, 0.7720459931842082, 0.6531579152125969, 0.4936155466554998, 0.4829670743091537, 0.44427462131058065, 0.5087436040421502, 0.5904601859957339, 0.568377179292615, 0.46483021481903813], [0.49792007851090037, 0.6347545897835903, 0.7081949603320121, 0.7720420211913713, 0.8557520192882027, 0.8848704244343742, 0.8320045182934384, 0.7431325081436206, 0.7114477751467447, 0.64182394674763, 0.6431567452697319, 0.5907768183205406, 0.4836738633781408, 0.4115907512409335, 0.2987770918846105, 0.2600820604993123, 0.16627270024981056, 0.08376883908587035, 0.16444351657145378, 0.2623412636302577, 0.34602780362867197, 0.7628084144323792, 0.9094870699003106, 0.9566717433071757, 0.8678319795995099, 0.7660779097043305, 0.7246528856520004, 0.6161598327224834, 0.6397037647080991, 0.6040575124705304, 0.4476326431790748, 0.32995082241694623, 0.19247991013856577, 0.0, 0.19126488745583037, 0.6066132233449076, 0.6645903357486105, 0.6397422689202599, 0.5514599689605577, 0.4800355336853187, 0.5123772375221167, 0.6470777359273175, 0.740471387697134, 0.7000864564643926, 0.5508345823285137, 0.41556839157123754, 0.4806793700980121, 0.3820761583460956, 0.4683862394596927, 0.5591479136933866, 0.5057337530702121, 0.46362981618495763], [0.3534396079396953, 0.4672753887846464, 0.5419164290591904, 0.5955788365747477, 0.6832439551368319, 0.7245861187391289, 0.6830625469870751, 0.5932110861524688, 0.5817093826073829, 0.5203151964989858, 0.5513798566748165, 0.511417532605768, 0.398509288091134, 0.36176742524322303, 0.2620526914014815, 0.297611010590685, 0.26365231731233724, 0.16645632989422018, 0.08368069357291046, 0.16446229032162238, 0.1979879392252896, 0.5786456460870741, 0.73232815675284, 0.7988373935648413, 0.7307808581965922, 0.6480007360293808, 0.6353425986575753, 0.5392968043183094, 0.5495957071578166, 0.5502629685678767, 0.4279601351509715, 0.3814922130562697, 0.3329677762923583, 0.19126488745583037, 0.0, 0.4795712609495918, 0.5149435631170838, 0.47325788337590646, 0.385063689758147, 0.3363938476861454, 0.3925717032267852, 0.5363367840642017, 0.5905563550276898, 0.524444440359599, 0.3751279259139477, 0.2803193649750403, 0.3905288595640692, 0.28115642730003315, 0.3516376033863313, 0.4538677196245948, 0.35241089675877835, 0.36542612338221475], [0.2708765254743151, 0.30288666598952974, 0.3945698141579332, 0.46873927088335665, 0.5665836745264721, 0.6030194055004595, 0.5481631551870074, 0.4438484508016539, 0.41701799526264605, 0.3403317040064786, 0.37206495842651055, 0.30113094624207837, 0.26879306972883715, 0.3395780457680148, 0.38340066141655876, 0.47569362593319653, 0.545200680931549, 0.5366920080213411, 0.4597019457224411, 0.37365550974194767, 0.3163861459952979, 0.4612093332969309, 0.6280279314453759, 0.684616272831621, 0.5963925629305766, 0.4866918986428425, 0.4148855405341964, 0.4360125391963245, 0.2503012758846431, 0.36229856334072463, 0.39824287826431853, 0.5066150640598585, 0.6190108147898781, 0.6066132233449076, 0.4795712609495918, 0.0, 0.10743066109533693, 0.18573334898118604, 0.21467094644717466, 0.1860116815101193, 0.10767119494557438, 0.08375384461993066, 0.16621656448630548, 0.2614244283252078, 0.2983189884442868, 0.26168062474886794, 0.1661239022793941, 0.5454318385763016, 0.500565956970701, 0.5873300463394373, 0.4400177532851444, 0.4389102332909084], [0.27706082593190706, 0.2485197815883305, 0.3330429031387926, 0.39096804212816066, 0.488592507135966, 0.5356884976808732, 0.49528214096382406, 0.39746305983575847, 0.3961381719888951, 0.34034148295388467, 0.39981987353247883, 0.3575185177972733, 0.3318802545077551, 0.4130653891880396, 0.453583550911138, 0.5538221150378033, 0.6191857353514426, 0.5980371635309017, 0.5093705941514863, 0.42622657484318943, 0.348651848549374, 0.3761544895630436, 0.5433574746992637, 0.6162636798861924, 0.5526056034773649, 0.470680484942809, 0.4376982969101054, 0.46775300787248236, 0.30590622778059406, 0.429993289201343, 0.4779143511903227, 0.5912559902473713, 0.6972157425944707, 0.6645903357486105, 0.5149435631170838, 0.10743066109533693, 0.0, 0.10745255568671723, 0.18619121417587975, 0.21515136621905884, 0.1863551050477519, 0.16609632930141874, 0.08365791263430117, 0.16563096216637696, 0.26195043743268864, 0.2987215571175741, 0.2621299409298307, 0.5584410389648273, 0.5041951564830144, 0.5827308884305239, 0.42382161337413804, 0.4604000857366877], [0.2822444034065963, 0.23405009114325576, 0.3206868543752375, 0.35701268654144563, 0.4605014606300649, 0.5256060038546246, 0.5018452377542635, 0.4077222491728509, 0.4295985386083244, 0.38439326800196466, 0.4603144121171126, 0.4277960286972472, 0.3803838957668461, 0.4520359511751726, 0.46926761300392317, 0.5707464131712514, 0.6213028317330004, 0.5817687747430409, 0.48493866417205456, 0.4170267936664143, 0.3295065682543944, 0.32191829723776616, 0.504843434749861, 0.6065171567616134, 0.5697194061127091, 0.5109033554958207, 0.5081706706274817, 0.5184220999559279, 0.3905836536239709, 0.5040442680615456, 0.526798877466439, 0.6210019736837323, 0.7018598474095573, 0.6397422689202599, 0.47325788337590646, 0.18573334898118604, 0.10745255568671723, 0.0, 0.10718796856676006, 0.18592212535726022, 0.21449182437430872, 0.26179035966367276, 0.1659415588109029, 0.08361377000262109, 0.1657268590700679, 0.2617610059774904, 0.2981769671300893, 0.5319806833315336, 0.48825322479883887, 0.5698351583200502, 0.39434139624691833, 0.4681043570164701], [0.28147624174518787, 0.2785747231300108, 0.3730699906336173, 0.4104701327737096, 0.5167924603738681, 0.584380301309999, 0.5593935189606497, 0.4615858905577977, 0.4782985788478605, 0.42361878493710425, 0.4922653187717782, 0.4484130614176494, 0.37619024665612094, 0.42786191950262603, 0.42004112630855767, 0.5147784239381137, 0.5507345766919032, 0.5004719389151353, 0.4042391055838958, 0.3529911826286919, 0.2729265178379359, 0.36965286446920137, 0.5594603743725629, 0.66632