[[0.0, 0.12287586487310587, 0.18270503478506261, 0.22978231691133857, 0.15868008388905178, 0.1580857557034129, 0.18865947246405404, 0.2443046857265454, 0.672709030834121, 0.5938677878309561, 0.5288158166368498, 0.4506656856554114, 0.3868984682787394, 0.6261169788579605, 0.7033345100991241, 0.7219311468798952, 0.6619515218876805, 0.5682347043933395, 0.5604865220578297, 0.5266997854232126, 0.40020125946127144, 0.3247948783030096, 0.4005092376687865, 0.5929335587469629, 0.6376277092356025, 0.52155032732992, 0.4703036975085712, 0.5273174008989912, 0.6045740639533004, 0.6734719085060631, 0.388007698703738, 0.5796006830310307, 0.5503902631770229, 0.4956023804099443, 0.4706406298444482, 0.5057237915707986, 0.5455990895195038, 0.7296692879666294, 0.6694551493822601, 0.6904563104357622, 0.3532683101400817, 0.360759385323543], [0.12287586487310587, 0.0, 0.0962826733107024, 0.1828728956919138, 0.06928613979024158, 0.06918889134784885, 0.1379144295711318, 0.13684979095137006, 0.6460625198260014, 0.571648253066086, 0.4929814277901668, 0.42240645058214177, 0.3437753643982829, 0.6044427399078077, 0.6656017219162232, 0.7026640413942502, 0.6359134775317334, 0.5599339752782442, 0.5114217093484044, 0.48905636185445167, 0.3497388007970237, 0.2957046954046068, 0.34125498793796744, 0.5797586468586176, 0.6049148631318649, 0.5020503051873181, 0.4616822747980609, 0.534197353699093, 0.6013460371099623, 0.6797666686846734, 0.39254897615645223, 0.5522866513246886, 0.5416610519224084, 0.46525781639669955, 0.449585286267724, 0.5222171265231113, 0.5620296697910305, 0.728873397167273, 0.6855488125847156, 0.7009197425470657, 0.34357605666268426, 0.3776213705166109], [0.18270503478506261, 0.0962826733107024, 0.0, 0.12387430787838696, 0.13566686292001112, 0.1372144474658402, 0.06907761200604208, 0.0691499888925936, 0.5598818823757239, 0.4844855922987366, 0.4039076651161509, 0.33394795178558434, 0.2536626059583616, 0.5143097892236788, 0.576078968335839, 0.617361136249157, 0.5542564750078431, 0.4784414663673573, 0.41849874235530105, 0.40506181992593715, 0.2654795697178673, 0.21094310014704695, 0.2457775662592229, 0.4920945675131096, 0.5115232833103452, 0.4509525512939233, 0.42749396532970146, 0.5088121174478618, 0.574702325331167, 0.6550373480222875, 0.3605713680469428, 0.5015896287763821, 0.48782107137496544, 0.4050535435364885, 0.4212059970662592, 0.5093767700052328, 0.5321136806515637, 0.7033872940554181, 0.6697001503117536, 0.669805143618803, 0.30362887640158287, 0.3614624618809084], [0.22978231691133857, 0.1828728956919138, 0.12387430787838696, 0.0, 0.24395899210925628, 0.18930597856524567, 0.15603410814850902, 0.15786946257784346, 0.5646833034685582, 0.4782042868135259, 0.40904997725385944, 0.32910462189807943, 0.26708854906637625, 0.48556790636830116, 0.5792647911130564, 0.6159842627424418, 0.5738213468557071, 0.47361195694046304, 0.41870079570478475, 0.43075968742264975, 0.3068763844351091, 0.22339543581601137, 0.2450547787174565, 0.452951146693906, 0.47866424990892636, 0.3284373604694677, 0.3052287574950442, 0.3882714712489158, 0.45417266302331566, 0.5340458590106695, 0.2400196398574981, 0.38138161609344623, 0.36555366612473866, 0.286364338443545, 0.304272271319766, 0.39474005506899995, 0.41105913462533855, 0.582825615997473, 0.5518924856399302, 0.5470334766842518, 0.1807846361387365, 0.24951277667039976], [0.15868008388905178, 0.06928613979024158, 0.13566686292001112, 0.24395899210925628, 0.0, 0.11264742879053938, 0.16386905858415088, 0.1541946089607154, 0.6585655998678008, 0.5913375794951462, 0.5089782039860091, 0.44625533955527485, 0.363876064640187, 0.6327800432903525, 0.6773474447144664, 0.7175303214825144, 0.6417419356857635, 0.5806030546005352, 0.5275242289068697, 0.4957523643817413, 0.35641711464889686, 0.3217371072398899, 0.3651817658176698, 0.6135522563706965, 0.6337777598453168, 0.5668176340545978, 0.5290458028739794, 0.602752144536651, 0.6685392820224256, 0.747789256541184, 0.46124965972679455, 0.6155498003833652, 0.6070958465546743, 0.5270723381412611, 0.5148065444862971, 0.5906277407386661, 0.6311195786980459, 0.7958599936130838, 0.7537132660059633, 0.7695648787454068, 0.4109962797212715, 0.44683024870375054], [0.1580857557034129, 0.06918889134784885, 0.1372144474658402, 0.18930597856524567, 0.11264742879053938, 0.0, 0.19475594507397798, 0.16213171448871158, 0.6970092027939546, 0.6204454107845272, 0.5408973425843963, 0.46931710814222505, 0.3905470342839235, 0.6464238737270612, 0.7128194598700316, 0.7539490036978888, 0.6907379462691019, 0.6121726172146923, 0.553446161122505, 0.5416506629121806, 0.401067632177365, 0.3454192454601849, 0.3778838436475697, 0.6201664434457593, 0.6422103847744409, 0.4849343333099338, 0.437628823509227, 0.5084094485989061, 0.5699491383258203, 0.6496882264402172, 0.3770157546402067, 0.5300517865303356, 0.5307888933095841, 0.45265412474840167, 0.41651107534037496, 0.49294434178003244, 0.543642768944949, 0.695347200226758, 0.6540382115273244, 0.6769955764899557, 0.33047885648575254, 0.35778649498575], [0.18865947246405404, 0.1379144295711318, 0.06907761200604208, 0.15603410814850902, 0.16386905858415088, 0.19475594507397798, 0.0, 0.11441260208820307, 0.5087535694887995, 0.43452240016352756, 0.35708461424052484, 0.286743276653695, 0.2095686050636243, 0.4715629982195395, 0.5305914652748744, 0.5648487084097449, 0.49958684707141077, 0.42302437530867665, 0.38083063962096536, 0.3540514292057118, 0.2184073963375051, 0.15980633674978564, 0.21958757698220902, 0.45012500763072877, 0.4755449489037258, 0.47418091226677367, 0.45688123331361974, 0.5362354290770259, 0.6068379935053527, 0.6839116072325191, 0.3833939579292172, 0.5292413420057789, 0.5027267495607667, 0.42657872122859125, 0.4600267137518951, 0.5391927240787767, 0.5513261434394284, 0.7354526886970821, 0.6989424434015735, 0.6923526171742085, 0.32836172480573056, 0.3873603613235367], [0.2443046857265454, 0.13684979095137006, 0.0691499888925936, 0.15786946257784346, 0.1541946089607154, 0.16213171448871158, 0.11441260208820307, 0.0, 0.5569830565447815, 0.4875948012958915, 0.3999469836828862, 0.3402126816640285, 0.2539120200934516, 0.518378189320854, 0.5654210015989539, 0.6183311697446793, 0.5509285353573005, 0.4908116712815453, 0.4043837376125242, 0.3984331195533007, 0.25671228274409125, 0.22869284091902756, 0.23324354274384376, 0.5032503307579644, 0.5085044808862789, 0.46717751940691854, 0.4517931009226858, 0.5386265391002302, 0.597217393953109, 0.6809472428962695, 0.3954284905799074, 0.5112229467550967, 0.5088925276469137, 0.4157167313492167, 0.43873721446911707, 0.5439703275377215, 0.5661393074935092, 0.7245662848781856, 0.7004231372481732, 0.6976000610029086, 0.3345304196777353, 0.4022740132205621], [0.672709030834121, 0.6460625198260014, 0.5598818823757239, 0.5646833034685582, 0.6585655998678008, 0.6970092027939546, 0.5087535694887995, 0.5569830565447815, 0.0, 0.0971843844622096, 0.1591788637344572, 0.23651655982588762, 0.30766828167192045, 0.15744614164534618, 0.06967016451291584, 0.06932651726194604, 0.06930300807806587, 0.13833256318368342, 0.17987085703642527, 0.16841807018611318, 0.3067581713937283, 0.35679543773332595, 0.34016791871948127, 0.21131834716109377, 0.18509783278609623, 0.674088485983979, 0.725704510722279, 0.7978286989267694, 0.8537800476018826, 0.9113601531910229, 0.6780595310656673, 0.7165382132641409, 0.6616671530850142, 0.61697092691429, 0.7585120096637666, 0.8376618731813612, 0.7786314849842193, 0.9561838104856734, 0.9509089863714792, 0.8835443980289815, 0.6359998087318414, 0.7209631964272546], [0.5938677878309561, 0.571648253066086, 0.4844855922987366, 0.4782042868135259, 0.5913375794951462, 0.6204454107845272, 0.43452240016352756, 0.4875948012958915, 0.0971843844622096, 0.0, 0.09690559912671609, 0.1517216527373878, 0.23389617597522727, 0.0933989596328089, 0.13692603381016377, 0.13792527354481612, 0.13746538485771825, 0.06964336219929432, 0.13649823984551177, 0.1384544446239485, 0.25067000831288205, 0.276793237152915, 0.267782655702174, 0.13098559588467912, 0.1327958985468395, 0.5836299271989848, 0.6321071452987306, 0.703152662913559, 0.7614368600797706, 0.8190780757465644, 0.5823870556931312, 0.6293353411106535, 0.570895816839713, 0.5280378757843496, 0.6667350592590215, 0.7417547541047765, 0.6837627975052429, 0.865742702922115, 0.8568469882996232, 0.7922227551798289, 0.5416775922541771, 0.6249210088002374], [0.5288158166368498, 0.4929814277901668, 0.4039076651161509, 0.40904997725385944, 0.5089782039860091, 0.5408973425843963, 0.35708461424052484, 0.3999469836828862, 0.1591788637344572, 0.09690559912671609, 0.0, 0.0896969827832896, 0.15040737115005168, 0.15841554718493805, 0.1756200147932466, 0.219889536961775, 0.17286934348995173, 0.1335274365676888, 0.07033874960088358, 0.07004889743562007, 0.1597456897189128, 0.20593245768103066, 0.1820334924784061, 0.1832288569360427, 0.1671552401415511, 0.5521990069079261, 0.594728315150858, 0.6735784167785931, 0.7318276226058763, 0.797140107887598, 0.5437631457199625, 0.5976697326928866, 0.5508300279353735, 0.4914643254092765, 0.6210365451378532, 0.7091092411694513, 0.6633306423399006, 0.8428932705994984, 0.8342334113398717, 0.7781808541418217, 0.49560331398406116, 0.5839146415695626], [0.4506656856554114, 0.42240645058214177, 0.33394795178558434, 0.32910462189807943, 0.44625533955527485, 0.46931710814222505, 0.286743276653695, 0.3402126816640285, 0.23651655982588762, 0.1517216527373878, 0.0896969827832896, 0.0, 0.08935377578254963, 0.18844486670705052, 0.26064331008769176, 0.2881449778697417, 0.25008965595489974, 0.15698488127675833, 0.13293303940528045, 0.13131613168411332, 0.1328027444366735, 0.12812755884176183, 0.13196513989087436, 0.18192240233602072, 0.20055257428091164, 0.4838301344860945, 0.5181947912572226, 0.5958519385259091, 0.6587454831000729, 0.7245108061009445, 0.4612573369383165, 0.5346884832503577, 0.483615567540696, 0.4256462865600776, 0.546044831281897, 0.627583511510642, 0.5861609012003138, 0.7733084486140185, 0.7578027829624591, 0.7077177801646659, 0.4137525929176044, 0.49851732279374067], [0.3868984682787394, 0.3437753643982829, 0.2536626059583616, 0.26708854906637625, 0.363876064640187, 0.3905470342839235, 0.2095686050636243, 0.2539120200934516, 0.30766828167192045, 0.23389617597522727, 0.15040737115005168, 0.08935377578254963, 0.0, 0.27331267927167446, 0.32408642992686404, 0.3660296376794529, 0.3096376471543639, 0.2403279895784925, 0.1736488258977879, 0.16371461046512145, 0.06980367285510546, 0.06941243508798778, 0.06999597847642411, 0.2668791681714446, 0.2745194940778799, 0.4736192923689435, 0.49734585239749646, 0.5809756321346563, 0.644120975752106, 0.7165214923580465, 0.438122381800556, 0.5241326406838667, 0.4856210634479813, 0.41300433657751395, 0.5154587769956952, 0.6071688221757786, 0.5810826281800582, 0.7645523125521266, 0.7473102823975541, 0.7083112371084843, 0.38353231334498744, 0.46975537004278944], [0.6261169788579605, 0.6044427399078077, 0.5143097892236788, 0.48556790636830116, 0.6327800432903525, 0.6464238737270612, 0.4715629982195395, 0.518378189320854, 0.15744614164534618, 0.0933989596328089, 0.15841554718493805, 0.18844486670705052, 0.27331267927167446, 0.0, 0.17415545790748008, 0.17187404276977522, 0.21719463484916554, 0.13096367202596365, 0.17024448064450085, 0.21859744324259878, 0.30747701765682434, 0.3126706104832939, 0.2908147362300272, 0.06422111273455273, 0.06442910648644086, 0.5351559404418375, 0.5935371970993351, 0.6599574077448823, 0.7123572823629319, 0.76503356894772, 0.5535893409111745, 0.5764425957342333, 0.5157700323459955, 0.4828835255946851, 0.6322330568795913, 0.7047309283597356, 0.6365156977285409, 0.8088149692515421, 0.8067765601528751, 0.733539181152545, 0.5185296395705475, 0.6021788569085897], [0.7033345100991241, 0.6656017219162232, 0.576078968335839, 0.5792647911130564, 0.6773474447144664, 0.7128194598700316, 0.5305914652748744, 0.5654210015989539, 0.06967016451291584, 0.13692603381016377, 0.1756200147932466, 0.26064331008769176, 0.32408642992686404, 0.17415545790748008, 0.0, 0.11144736602599438, 0.1134277162331721, 0.19529292607055296, 0.16796295855632556, 0.18815751089408186, 0.3212079020403281, 0.38152154166990376, 0.3438783209638669, 0.23617841281254315, 0.17742844815637487, 0.6774782088147037, 0.7346271976755723, 0.8099050197146916, 0.8602274756470832, 0.9197189011776226, 0.693992266959214, 0.7144347507549433, 0.6682477226678438, 0.617734062904316, 0.7636324544642769, 0.8531064179176144, 0.7940286672597757, 0.9605806658762311, 0.9630957946325628, 0.8932752559101663, 0.6497537168745966, 0.7401401328147224], [0.7219311468798952, 0.7026640413942502, 0.617361136249157, 0.6159842627424418, 0.7175303214825144, 0.7539490036978888, 0.5648487084097449, 0.6183311697446793, 0.06932651726194604, 0.13792527354481612, 0.219889536961775, 0.2881449778697417, 0.3660296376794529, 0.17187404276977522, 0.11144736602599438, 0.0, 0.11399310399513328, 0.16157990322391802, 0.24187291130696276, 0.23395652782747808, 0.3701934509528799, 0.4100635140448874, 0.3997151084461121, 0.22234981828903905, 0.20837575752727222, 0.7051203545832232, 0.7594058434312901, 0.8264566970349506, 0.8821016692130081, 0.9346663606894517, 0.7127123125721787, 0.7473926411176735, 0.6864246529737146, 0.6515246593267142, 0.7966848311170689, 0.8677076785199057, 0.8020712912260826, 0.9797932384951371, 0.9742932187300065, 0.9022589482497562, 0.6750381997097209, 0.7565132358765021], [0.6619515218876805, 0.6359134775317334, 0.5542564750078431, 0.5738213468557071, 0.6417419356857635, 0.6907379462691019, 0.49958684707141077, 0.5509285353573005, 0.06930300807806587, 0.13746538485771825, 0.17286934348995173, 0.25008965595489974, 0.3096376471543639, 0.21719463484916554, 0.1134277162331721, 0.11399310399513328, 0.0, 0.15973425628591878, 0.20315052969696637, 0.15296483985594814, 0.29463712799448377, 0.3568063008691991, 0.35002531953003757, 0.2644521255355211, 0.24601484781333297, 0.7142862003335593, 0.7595967796463596, 0.8337038323237874, 0.8931460538481995, 0.9533391016312718, 0.7064258053959462, 0.759327283826467, 0.7053730257085222, 0.6560113822611118, 0.7900282398207322, 0.8694889560482694, 0.8167729576555487, 1.0, 0.9901742810703665, 0.9282723869453914, 0.6618062803187528, 0.7451621332234485], [0.5682347043933395, 0.5599339752782442, 0.4784414663673573, 0.47361195694046304, 0.5806030546005352, 0.6121726172146923, 0.42302437530867665, 0.4908116712815453, 0.13833256318368342, 0.06964336219929432, 0.1335274365676888, 0.15698488127675833, 0.2403279895784925, 0.13096367202596365, 0.19529292607055296, 0.16157990322391802, 0.15973425628591878, 0.0, 0.19146261483953275, 0.16198915248627085, 0.2595436728218784, 0.2676177035536729, 0.2870650045203334, 0.14071504309695132, 0.18513149841545654, 0.5896672002790325, 0.630849259329211, 0.697266867928298, 0.7613484588416942, 0.8162808973876007, 0.5735882207975062, 0.6407567753850028, 0.5735316467297832, 0.5383109022942768, 0.669347872830377, 0.7315130714372718, 0.6742654619238664, 0.8669591895523548, 0.8493761953495776, 0.788192006733001, 0.5362715571282983, 0.6116030534789866], [0.5604865220578297, 0.5114217093484044, 0.41849874235530105, 0.41870079570478475, 0.5275242289068697, 0.553446161122505, 0.38083063962096536, 0.4043837376125242, 0.17987085703642527, 0.13649823984551177, 0.07033874960088358, 0.13293303940528045, 0.1736488258977879, 0.17024448064450085, 0.16796295855632556, 0.24187291130696276, 0.20315052969696637, 0.19146261483953275, 0.0, 0.11284225117624168, 0.18215195703088635, 0.23857314533940602, 0.1785303752918011, 0.20435336190771275, 0.15171623568594908, 0.5433406570965876, 0.5929017390381295, 0.6752393393424985, 0.7265451700985219, 0.793954287504729, 0.5512900522683195, 0.5821525249208453, 0.5458399983413706, 0.47934680091943976, 0.6146953585769099, 0.7149614548460075, 0.668866455158053, 0.8350807337321643, 0.8355160237171034, 0.7765821011800631, 0.5009716438915321, 0.5956444154924688], [0.5266997854232126, 0.48905636185445167, 0.40506181992593715, 0.43075968742264975, 0.4957523643817413, 0.5416506629121806, 0.3540514292057118, 0.3984331195533007, 0.16841807018611318, 0.1384544446239485, 0.07004889743562007, 0.13131613168411332, 0.16371461046512145, 0.21859744324259878, 0.18815751089408186, 0.23395652782747808, 0.15296483985594814, 0.16198915248627085, 0.11284225117624168, 0.0, 0.14265982723838969, 0.2175077448844366, 0.20532303718254707, 0.24661315039618545, 0.23112986616588724, 0.6071748950046195, 0.6435839087836636, 0.7241783934187495, 0.7848194753880497, 0.8524638055143833, 0.5880595576842871, 0.6538577967581187, 0.6094926731987511, 0.5456510695243677, 0.6665222286246479, 0.7556694037939038, 0.7165310055365801, 0.8992350488689246, 0.8871678096990596, 0.8362457897591697, 0.537282356436721, 0.6235698689521174], [0.40020125946127144, 0.3497388007970237, 0.2654795697178673, 0.3068763844351091, 0.35641711464889686, 0.401067632177365, 0.2184073963375051, 0.25671228274409125, 0.3067581713937283, 0.25067000831288205, 0.1597456897189128, 0.1328027444366735, 0.06980367285510546, 0.30747701765682434, 0.3212079020403281, 0.3701934509528799, 0.29463712799448377, 0.2595436728218784, 0.18215195703088635, 0.14265982723838969, 0.0, 0.11418419088524338, 0.11227564086336479, 0.31227325272175, 0.30944071456552885, 0.5373598130226251, 0.5582720358805706, 0.6435161727252734, 0.7063413849547229, 0.7807142947275199, 0.49828452702528014, 0.5862447005848913, 0.5525859727957246, 0.47559897449329824, 0.5718786534018659, 0.6671615358138774, 0.646394994824811, 0.8280975547106908, 0.8106315265341606, 0.7747868493118629, 0.44164707684508114, 0.5262671999290573], [0.3247948783030096, 0.2957046954046068, 0.21094310014704695, 0.22339543581601137, 0.3217371072398899, 0.3454192454601849, 0.15980633674978564, 0.22869284091902756, 0.35679543773332595, 0.276793237152915, 0.20593245768103066, 0.12812755884176183, 0.06941243508798778, 0.3126706104832939, 0.38152154166990376, 0.4100635140448874, 0.3568063008691991, 0.2676177035536729, 0.23857314533940602, 0.2175077448844366, 0.11418419088524338, 0.0, 0.11353097043020624, 0.2937483358000342, 0.321318083425585, 0.45408559297214063, 0.4660798039579153, 0.546099548435526, 0.6151739068270287, 0.6865369966539804, 0.3978733381200216, 0.5100924930216301, 0.4660325041604953, 0.39884259236862823, 0.4860135896000339, 0.5660746794711037, 0.545822357242823, 0.7382272574111044, 0.7118445360492651, 0.6799852679025968, 0.3452864058266701, 0.4228691833617821], [0.4005092376687865, 0.34125498793796744, 0.2457775662592229, 0.2450547787174565, 0.3651817658176698, 0.3778838436475697, 0.21958757698220902, 0.23324354274384376, 0.34016791871948127, 0.267782655702174, 0.1820334924784061, 0.13196513989087436, 0.06999597847642411, 0.2908147362300272, 0.3438783209638669, 0.3997151084461121, 0.35002531953003757, 0.2870650045203334, 0.1785303752918011, 0.20532303718254707, 0.11227564086336479, 0.11353097043020624, 0.0, 0.285525931917402, 0.2766772726708383, 0.4347077022518927, 0.46341697720326, 0.5517195183386906, 0.6082292427822247, 0.6839003436238431, 0.41402380901988944, 0.4795373502587135, 0.4531436508912861, 0.3702411664886054, 0.4757006681319734, 0.581559562594447, 0.5574154248035904, 0.7276615015083145, 0.7185376099436862, 0.6788514912540079, 0.35607757274628427, 0.45009669449902967], [0.5929335587469629, 0.5797586468586176, 0.4920945675131096, 0.452951146693906, 0.6135522563706965, 0.6201664434457593, 0.45012500763072877, 0.5032503307579644, 0.21131834716109377, 0.13098559588467912, 0.1832288569360427, 0.18192240233602072, 0.2668791681714446, 0.06422111273455273, 0.23617841281254315, 0.22234981828903905, 0.2644521255355211, 0.14071504309695132, 0.20435336190771275, 0.24661315039618545, 0.31227325272175, 0.2937483358000342, 0.285525931917402, 0.0, 0.10425451878701666, 0.4898950524137492, 0.545459430097552, 0.6077199422149729, 0.6629241152756563, 0.7130580875847079, 0.5032013064750546, 0.5347804925535363, 0.46649605984121406, 0.441752948134684, 0.5882745996688493, 0.6513689428554476, 0.5811034173892736, 0.759244992897377, 0.7525794298618823, 0.6801591043553651, 0.472315800085063, 0.5510716548771718], [0.6376277092356025, 0.6049148631318649, 0.5115232833103452, 0.47866424990892636, 0.6337777598453168, 0.6422103847744409, 0.4755449489037258, 0.5085044808862789, 0.18509783278609623, 0.1327958985468395, 0.1671552401415511, 0.20055257428091164, 0.2745194940778799, 0.06442910648644086, 0.17742844815637487, 0.20837575752727222, 0.24601484781333297, 0.18513149841545654, 0.15171623568594908, 0.23112986616588724, 0.30944071456552885, 0.321318083425585, 0.2766772726708383, 0.10425451878701666, 0.0, 0.5138604826950537, 0.5781790846592259, 0.648316075522265, 0.6946113515753366, 0.7498640000885348, 0.546312660439342, 0.5493347781665028, 0.49872853438883774, 0.4583925549082456, 0.6125732275475209, 0.6965692778954253, 0.6292180574650486, 0.7895090038643817, 0.7955596129552301, 0.7205654742483154, 0.5088612352608458, 0.5984086336760375], [0.52155032732992, 0.5020503051873181, 0.4509525512939233, 0.3284373604694677, 0.5668176340545978, 0.4849343333099338, 0.47418091226677367, 0.46717751940691854, 0.674088485983979, 0.5836299271989848, 0.5521990069079261, 0.4838301344860945, 0.4736192923689435, 0.5351559404418375, 0.6774782088147037, 0.7051203545832232, 0.7142862003335593, 0.5896672002790325, 0.5433406570965876, 0.6071748950046195, 0.5373598130226251, 0.45408559297214063, 0.4347077022518927, 0.4898950524137492, 0.5138604826950537, 0.0, 0.09628948079702966, 0.15842697331435507, 0.18496905540414194, 0.25610605291884897, 0.15494675029113644, 0.0696964615432824, 0.06979971900061832, 0.06949608590838047, 0.13546170820701584, 0.22011404105647134, 0.17324851877969105, 0.2944196375666373, 0.30392445784497923, 0.2551967791991487, 0.16874508191885002, 0.21248702736960387], [0.4703036975085712, 0.4616822747980609, 0.42749396532970146, 0.3052287574950442, 0.5290458028739794, 0.437628823509227, 0.45688123331361974, 0.4517931009226858, 0.725704510722279, 0.6321071452987306, 0.594728315150858, 0.5181947912572226, 0.49734585239749646, 0.5935371970993351, 0.7346271976755723, 0.7594058434312901, 0.7595967796463596, 0.630849259329211, 0.5929017390381295, 0.6435839087836636, 0.5582720358805706, 0.4660798039579153, 0.46341697720326, 0.545459430097552, 0.5781790846592259, 0.09628948079702966, 0.0, 0.0959237027157179, 0.15131914064549143, 0.23085023143113814, 0.09375978315896885, 0.13768883751713437, 0.13825291273764673, 0.1398781760191025, 0.07003667108635887, 0.13808071802567226, 0.13707812583715887, 0.2790069118059945, 0.25995757232741784, 0.24757438942863988, 0.1299827321888074, 0.13245949563750545], [0.5273174008989912, 0.534197353699093, 0.5088121174478618, 0.3882714712489158, 0.602752144536651, 0.5084094485989061, 0.5362354290770259, 0.5386265391002302, 0.7978286989267694, 0.703152662913559, 0.6735784167785931, 0.5958519385259091, 0.5809756321346563, 0.6599574077448823, 0.8099050197146916, 0.8264566970349506, 0.8337038323237874, 0.697266867928298, 0.6752393393424985, 0.7241783934187495, 0.6435161727252734, 0.546099548435526, 0.5517195183386906, 0.6077199422149729, 0.648316075522265, 0.15842697331435507, 0.0959237027157179, 0.0, 0.08998653284053049, 0.14914556171418691, 0.1542357306240802, 0.18052074591272138, 0.1693100856503637, 0.2202490630277183, 0.13524489925324923, 0.07022588250412003, 0.06991368045736028, 0.20828031598203323, 0.1678659493548697, 0.1691351712679788, 0.21025334193735812, 0.16710529981900732], [0.6045740639533004, 0.6013460371099623, 0.574702325331167, 0.45417266302331566, 0.6685392820224256, 0.5699491383258203, 0.6068379935053527, 0.597217393953109, 0.8537800476018826, 0.7614368600797706, 0.7318276226058763, 0.6587454831000729, 0.644120975752106, 0.7123572823629319, 0.8602274756470832, 0.8821016692130081, 0.8931460538481995, 0.7613484588416942, 0.7265451700985219, 0.7848194753880497, 0.7063413849547229, 0.6151739068270287, 0.6082292427822247, 0.6629241152756563, 0.6946113515753366, 0.18496905540414194, 0.15131914064549143, 0.08998653284053049, 0.0, 0.08903368242932382, 0.23304165880744743, 0.17127000076944013, 0.20024677018120282, 0.25123457019121176, 0.16303946675101685, 0.13080749585631063, 0.13197093711828156, 0.12887140943225242, 0.13221974722189955, 0.13210360403675567, 0.28015040035434197, 0.24927054547835018], [0.6734719085060631, 0.6797666686846734, 0.6550373480222875, 0.5340458590106695, 0.747789256541184, 0.6496882264402172, 0.6839116072325191, 0.6809472428962695, 0.9113601531910229, 0.8190780757465644, 0.797140107887598, 0.7245108061009445, 0.7165214923580465, 0.76503356894772, 0.9197189011776226, 0.9346663606894517, 0.9533391016312718, 0.8162808973876007, 0.793954287504729, 0.8524638055143833, 0.7807142947275199, 0.6865369966539804, 0.6839003436238431, 0.7130580875847079, 0.7498640000885348, 0.25610605291884897, 0.23085023143113814, 0.14914556171418691, 0.08903368242932382, 0.0, 0.30254059484960716, 0.2400895082289637, 0.25164367744953203, 0.32518213996232265, 0.2508464045504019, 0.1743027386255613, 0.1580670514553647, 0.06945069380866976, 0.0700126757416659, 0.07004142281212417, 0.3561407469065325, 0.3137956230273929], [0.388007698703738, 0.39254897615645223, 0.3605713680469428, 0.2400196398574981, 0.46124965972679455, 0.3770157546402067, 0.3833939579292172, 0.3954284905799074, 0.6780595310656673, 0.5823870556931312, 0.5437631457199625, 0.4612573369383165, 0.438122381800556, 0.5535893409111745, 0.693992266959214, 0.7127123125721787, 0.7064258053959462, 0.5735882207975062, 0.5512900522683195, 0.5880595576842871, 0.49828452702528014, 0.3978733381200216, 0.41402380901988944, 0.5032013064750546, 0.546312660439342, 0.15494675029113644, 0.09375978315896885, 0.1542357306240802, 0.23304165880744743, 0.30254059484960716, 0.0, 0.21580672446046167, 0.17959102573030708, 0.16951592351476133, 0.136155215768779, 0.16907436577719354, 0.1719761660984684, 0.3591355901451967, 0.318507246133715, 0.31177453018461926, 0.06436671272496937, 0.06450349035057447], [0.5796006830310307, 0.5522866513246886, 0.5015896287763821, 0.38138161609344623, 0.6155498003833652, 0.5300517865303356, 0.5292413420057789, 0.5112229467550967, 0.7165382132641409, 0.6293353411106535, 0.5976697326928866, 0.5346884832503577, 0.5241326406838667, 0.5764425957342333, 0.7144347507549433, 0.7473926411176735, 0.759327283826467, 0.6407567753850028, 0.5821525249208453, 0.6538577967581187, 0.5862447005848913, 0.5100924930216301, 0.4795373502587135, 0.5347804925535363, 0.5493347781665028, 0.0696964615432824, 0.13768883751713437, 0.18052074591272138, 0.17127000076944013, 0.2400895082289637, 0.21580672446046167, 0.0, 0.11040260897567228, 0.11151935801602794, 0.15277134507233445, 0.24507388231846716, 0.20364755261809625, 0.2629107904454737, 0.2975715274150251, 0.24433222839364974, 0.22920938765991847, 0.2673312518711922], [0.5503902631770229, 0.5416610519224084, 0.48782107137496544, 0.36555366612473866, 0.6070958465546743, 0.5307888933095841, 0.5027267495607667, 0.5088925276469137, 0.6616671530850142, 0.570895816839713, 0.5508300279353735, 0.483615567540696, 0.4856210634479813, 0.5157700323459955, 0.6682477226678438, 0.6864246529737146, 0.7053730257085222, 0.5735316467297832, 0.5458399983413706, 0.6094926731987511, 0.5525859727957246, 0.4660325041604953, 0.4531436508912861, 0.46649605984121406, 0.49872853438883774, 0.06979971900061832, 0.13825291273764673, 0.1693100856503637, 0.20024677018120282, 0.25164367744953203, 0.17959102573030708, 0.11040260897567228, 0.0, 0.11288322830126572, 0.1940000679752445, 0.23470631812449244, 0.15486081143487282, 0.2948470386742373, 0.300181743390604, 0.23188464827434002, 0.20362791105161263, 0.2370269126031501], [0.4956023804099443, 0.46525781639669955, 0.4050535435364885, 0.286364338443545, 0.5270723381412611, 0.45265412474840167, 0.42657872122859125, 0.4157167313492167, 0.61697092691429, 0.5280378757843496, 0.4914643254092765, 0.4256462865600776, 0.41300433657751395, 0.4828835255946851, 0.617734062904316, 0.6515246593267142, 0.6560113822611118, 0.5383109022942768, 0.47934680091943976, 0.5456510695243677, 0.47559897449329824, 0.39884259236862823, 0.3702411664886054, 0.441752948134684, 0.4583925549082456, 0.06949608590838047, 0.1398781760191025, 0.2202490630277183, 0.25123457019121176, 0.32518213996232265, 0.16951592351476133, 0.11151935801602794, 0.11288322830126572, 0.0, 0.16522917635223303, 0.27530318468205134, 0.23492113726637753, 0.36126349754263015, 0.3722375261590482, 0.32388820146530245, 0.15655796307684205, 0.2314141526943629], [0.4706406298444482, 0.449585286267724, 0.4212059970662592, 0.304272271319766, 0.5148065444862971, 0.41651107534037496, 0.4600267137518951, 0.43873721446911707, 0.7585120096637666, 0.6667350592590215, 0.6210365451378532, 0.546044831281897, 0.5154587769956952, 0.6322330568795913, 0.7636324544642769, 0.7966848311170689, 0.7900282398207322, 0.669347872830377, 0.6146953585769099, 0.6665222286246479, 0.5718786534018659, 0.4860135896000339, 0.4757006681319734, 0.5882745996688493, 0.6125732275475209, 0.13546170820701584, 0.07003667108635887, 0.13524489925324923, 0.16303946675101685, 0.2508464045504019, 0.136155215768779, 0.15277134507233445, 0.1940000679752445, 0.16522917635223303, 0.0, 0.1605373830263699, 0.19400837330867013, 0.2875015040147251, 0.2784223025290432, 0.2830076984368199, 0.1527248065984731, 0.15849578166722453], [0.5057237915707986, 0.5222171265231113, 0.5093767700052328, 0.39474005506899995, 0.5906277407386661, 0.49294434178003244, 0.5391927240787767, 0.5439703275377215, 0.8376618731813612, 0.7417547541047765, 0.7091092411694513, 0.627583511510642, 0.6071688221757786, 0.7047309283597356, 0.8531064179176144, 0.8677076785199057, 0.8694889560482694, 0.7315130714372718, 0.7149614548460075, 0.7556694037939038, 0.6671615358138774, 0.5660746794711037, 0.581559562594447, 0.6513689428554476, 0.6965692778954253, 0.22011404105647134, 0.13808071802567226, 0.07022588250412003, 0.13080749585631063, 0.1743027386255613, 0.16907436577719354, 0.24507388231846716, 0.23470631812449244, 0.27530318468205134, 0.1605373830263699, 0.0, 0.1122436808992577, 0.23376503464039558, 0.16445881178650817, 0.20583571563415165, 0.2274854391977196, 0.15382557599967092], [0.5455990895195038, 0.5620296697910305, 0.5321136806515637, 0.41105913462533855, 0.6311195786980459, 0.543642768944949, 0.5513261434394284, 0.5661393074935092, 0.7786314849842193, 0.6837627975052429, 0.6633306423399006, 0.5861609012003138, 0.5810826281800582, 0.6365156977285409, 0.7940286672597757, 0.8020712912260826, 0.8167729576555487, 0.6742654619238664, 0.668866455158053, 0.7165310055365801, 0.646394994824811, 0.545822357242823, 0.5574154248035904, 0.5811034173892736, 0.6292180574650486, 0.17324851877969105, 0.13707812583715887, 0.06991368045736028, 0.13197093711828156, 0.1580670514553647, 0.1719761660984684, 0.20364755261809625, 0.15486081143487282, 0.23492113726637753, 0.19400837330867013, 0.1122436808992577, 0.0, 0.22408376338940453, 0.17573677493852513, 0.1486068575035973, 0.2316822634239182, 0.19037245945036047], [0.7296692879666294, 0.728873397167273, 0.7033872940554181, 0.582825615997473, 0.7958599936130838, 0.695347200226758, 0.7354526886970821, 0.7245662848781856, 0.9561838104856734, 0.865742702922115, 0.8428932705994984, 0.7733084486140185, 0.7645523125521266, 0.8088149692515421, 0.9605806658762311, 0.9797932384951371, 1.0, 0.8669591895523548, 0.8350807337321643, 0.8992350488689246, 0.8280975547106908, 0.7382272574111044, 0.7276615015083145, 0.759244992897377, 0.7895090038643817, 0.2944196375666373, 0.2790069118059945, 0.20828031598203323, 0.12887140943225242, 0.06945069380866976, 0.3591355901451967, 0.2629107904454737, 0.2948470386742373, 0.36126349754263015, 0.2875015040147251, 0.23376503464039558, 0.22408376338940453, 0.0, 0.11300792013188089, 0.11278956498834646, 0.4081041558680217, 0.37249064176962693], [0.6694551493822601, 0.6855488125847156, 0.6697001503117536, 0.5518924856399302, 0.7537132660059633, 0.6540382115273244, 0.6989424434015735, 0.7004231372481732, 0.9509089863714792, 0.8568469882996232, 0.8342334113398717, 0.7578027829624591, 0.7473102823975541, 0.8067765601528751, 0.9630957946325628, 0.9742932187300065, 0.9901742810703665, 0.8493761953495776, 0.8355160237171034, 0.8871678096990596, 0.8106315265341606, 0.7118445360492651, 0.7185376099436862, 0.7525794298618823, 0.7955596129552301, 0.30392445784497923, 0.25995757232741784, 0.1678659493548697, 0.13221974722189955, 0.0700126757416659, 0.318507246133715, 0.2975715274150251, 0.300181743390604, 0.3722375261590482, 0.2784223025290432, 0.16445881178650817, 0.17573677493852513, 0.11300792013188089, 0.0, 0.11381653146876279, 0.3767412360385781, 0.31599303665755174], [0.6904563104357622, 0.7009197425470657, 0.669805143618803, 0.5470334766842518, 0.7695648787454068, 0.6769955764899557, 0.6923526171742085, 0.6976000610029086, 0.8835443980289815, 0.7922227551798289, 0.7781808541418217, 0.7077177801646659, 0.7083112371084843, 0.733539181152545, 0.8932752559101663, 0.9022589482497562, 0.9282723869453914, 0.788192006733001, 0.7765821011800631, 0.8362457897591697, 0.7747868493118629, 0.6799852679025968, 0.6788514912540079, 0.6801591043553651, 0.7205654742483154, 0.2551967791991487, 0.24757438942863988, 0.1691351712679788, 0.13210360403675567, 0.07004142281212417, 0.31177453018461926, 0.24433222839364974, 0.23188464827434002, 0.32388820146530245, 0.2830076984368199, 0.20583571563415165, 0.1486068575035973, 0.11278956498834646, 0.11381653146876279, 0.0, 0.3663961856452148, 0.33059347983072856], [0.3532683101400817, 0.34357605666268426, 0.30362887640158287, 0.1807846361387365, 0.4109962797212715, 0.33047885648575254, 0.32836172480573056, 0.3345304196777353, 0.6359998087318414, 0.5416775922541771, 0.49560331398406116, 0.4137525929176044, 0.38353231334498744, 0.5185296395705475, 0.6497537168745966, 0.6750381997097209, 0.6618062803187528, 0.5362715571282983, 0.5009716438915321, 0.537282356436721, 0.44164707684508114, 0.3452864058266701, 0.35607757274628427, 0.472315800085063, 0.5088612352608458, 0.16874508191885002, 0.1299827321888074, 0.21025334193735812, 0.28015040035434197, 0.3561407469065325, 0.06436671272496937, 0.22920938765991847, 0.20362791105161263, 0.15655796307684205, 0.1527248065984731, 0.2274854391977196, 0.2316822634239182, 0.4081041558680217, 0.3767412360385781, 0.3663961856452148, 0.0, 0.10433390547866621], [0.360759385323543, 0.3776213705166109, 0.3614624618809084, 0.24951277667039976, 0.44683024870375054, 0.35778649498575, 0.3873603613235367, 0.4022740132205621, 0.7209631964272546, 0.6249210088002374, 0.5839146415695626, 0.49851732279374067, 0.46975537004278944, 0.6021788569085897, 0.7401401328147224, 0.7565132358765021, 0.7451621332234485, 0.6116030534789866, 0.5956444154924688, 0.6235698689521174, 0.5262671999290573, 0.4228691833617821, 0.45009669449902967, 0.5510716548771718, 0.5984086336760375, 0.21248702736960387, 0.13245949563750545, 0.16710529981900732, 0.24927054547835018, 0.3137956230273929, 0.06450349035057447, 0.2673312518711922, 0.2370269126031501, 0.2314141526943629, 0.15849578166722453, 0.15382557599967092, 0.19037245945036047, 0.37249064176962693, 0.31599303665755174, 0.33059347983072856, 0.10433390547866621, 0.0]]